xm           0.900   0.980   1.570   2.490   2.710   3.350   3.070   3.160   2.700   2.070   1.960   1.170
xdhmean      0.900   0.980   1.570   2.490   2.710   3.350   3.070   3.160   2.700   2.070   1.960   1.170
xdhdiff      0.000   0.000   0.000  -0.000   0.000  -0.000   0.000  -0.000  -0.000   0.000  -0.000   0.000
xmann, xdann, diff:   2.1824384   2.1824393  -0.0000010

rmonlen     32.489208  29.543085  32.457317  30.796822  30.990837  29.204243  29.583281  29.352547  28.597624  30.143566  29.987988  31.853481
rmidmon     12.483651  43.499798  74.500000 106.127068 137.020905 167.118439 196.512207 225.980118 254.955200 284.325806 314.391571 345.312317
rmonbeg     -3.760953  28.728256  58.271339  90.728653 121.525482 152.516312 181.720566 211.303848 240.656387 269.254028 299.397583 329.385590
rmonend     28.728256  58.271339  90.728661 121.525482 152.516327 181.720566 211.303848 240.656387 269.253998 299.397583 329.385559 361.239044

xm           0.900   0.980   1.570   2.490   2.710   3.350   3.070   3.160   2.700   2.070   1.960   1.170
xm_adj       0.892   0.978   1.573   2.500   2.737   3.362   3.066   3.154   2.798   2.091   2.019   1.281
xmann, xm_adjann, diff:   2.1824384   2.1824386  -0.0000002

xm_adj           0.892   0.978   1.573   2.500   2.737   3.362   3.066   3.154   2.798   2.091   2.019   1.281
xm_midmon_adj    0.869   0.965   1.517   2.558   2.671   3.436   3.027   3.180   2.840   2.042   2.076   1.269
xm_adjann, xm_midmon_adj diff:   2.1824386   2.1813407  -0.0010979

Press any key to continue . . .
