xm          25.320  24.930  22.630  19.730  16.170  13.000  12.380  14.040  17.360  19.780  22.520  24.040
xdhmean     25.320  24.930  22.630  19.730  16.170  13.000  12.380  14.040  17.360  19.780  22.520  24.040
xdhdiff     -0.000  -0.000  -0.000  -0.000   0.000   0.000   0.000   0.000  -0.000   0.000  -0.000   0.000
xmann, xdann, diff:  19.2917805  19.2917881  -0.0000076

rmonlen     32.489208  29.543085  32.457317  30.796822  30.990837  29.204243  29.583281  29.352547  28.597624  30.143566  29.987988  31.853481
rmidmon     12.483651  43.499798  74.500000 106.127068 137.020905 167.118439 196.512207 225.980118 254.955200 284.325806 314.391571 345.312317
rmonbeg     -3.760953  28.728256  58.271339  90.728653 121.525482 152.516312 181.720566 211.303848 240.656387 269.254028 299.397583 329.385590
rmonend     28.728256  58.271339  90.728661 121.525482 152.516327 181.720566 211.303848 240.656387 269.253998 299.397583 329.385559 361.239044

xm          25.320  24.930  22.630  19.730  16.170  13.000  12.380  14.040  17.360  19.780  22.520  24.040
xm_adj      25.215  25.006  22.628  19.610  15.980  12.924  12.374  13.885  17.066  19.444  22.142  23.882
xmann, xm_adjann, diff:  19.2917805  19.2917805   0.0000000

xm_adj          25.215  25.006  22.628  19.610  15.980  12.924  12.374  13.885  17.066  19.444  22.142  23.882
xm_midmon_adj   25.275  25.133  22.693  19.692  16.042  12.822  12.303  13.729  17.100  19.352  22.174  23.854
xm_adjann, xm_midmon_adj diff:  19.2917805  19.2941799   0.0023994

Press any key to continue . . .
