xm          -6.770  -4.330   1.520   8.350  14.740  20.290  23.220  22.170  16.940  10.350   3.080  -4.290
xdhmean     -6.770  -4.330   1.520   8.350  14.740  20.290  23.220  22.170  16.940  10.350   3.080  -4.290
xdhdiff      0.000   0.000   0.000  -0.000  -0.000  -0.000  -0.000  -0.000  -0.000  -0.000  -0.000   0.000
xmann, xdann, diff:   8.8430138   8.8430128   0.0000010

rmonlen     32.489208  29.543085  32.457317  30.796822  30.990837  29.204243  29.583281  29.352547  28.597624  30.143566  29.987988  31.853481
rmidmon     12.483651  43.499798  74.500000 106.127068 137.020905 167.118439 196.512207 225.980118 254.955200 284.325806 314.391571 345.312317
rmonbeg     -3.760953  28.728256  58.271339  90.728653 121.525482 152.516312 181.720566 211.303848 240.656387 269.254028 299.397583 329.385590
rmonend     28.728256  58.271339  90.728661 121.525482 152.516327 181.720566 211.303848 240.656387 269.253998 299.397583 329.385559 361.239044

xm          -6.770  -4.330   1.520   8.350  14.740  20.290  23.220  22.170  16.940  10.350   3.080  -4.290
xm_adj      -6.759  -4.540   1.523   8.595  15.044  20.463  23.235  22.349  17.597  11.237   4.300  -3.479
xmann, xm_adjann, diff:   8.8430138   8.8430119   0.0000019

xm_adj          -6.759  -4.540   1.523   8.595  15.044  20.463  23.235  22.349  17.597  11.237   4.300  -3.479
xm_midmon_adj   -6.989  -4.788   1.376   8.512  14.969  20.500  23.366  22.580  17.763  11.336   4.518  -3.618
xm_adjann, xm_midmon_adj diff:   8.8430119   8.8350725  -0.0079393

Press any key to continue . . .
