begageBP, endageBP, agestep, nages, begyrCE, nsimyrs:   -6000  -6000      1      1   1955      5
n,i,ii,iageBP,iyearCE        1       1       1   -6000    1955
n,i,ii,iageBP,iyearCE        1       2       2   -6000    1956
n,i,ii,iageBP,iyearCE        1       3       3   -6000    1957
n,i,ii,iageBP,iyearCE        1       4       4   -6000    1958
n,i,ii,iageBP,iyearCE        1       5       5   -6000    1959
ageBP, eccen, obliq_deg, perih_deg, precc:        0.0   0.016723932997  23.446271289398 282.039049517636  -0.016356101344
rmonlen_0ka:                         30.005172   27.321087   30.684108   30.208439   31.688362   30.945294   32.000830   31.750005   30.289639   30.767564   29.320786   30.018715  365.000000
ii, iyearCE, nd_progreg:      1 -6000  1955 365
ageBP, rmonlength:           -6000   32.527951   29.556087   32.467400   30.804110   30.994561   29.206003   29.587619   29.362270   28.620859   30.182979   30.034123   31.898946  365.000000
   32.506318   29.536431   32.445808   30.783624   30.973948   29.186579   29.567941   29.342743   28.601825   30.162905   30.014148   31.877731  365.000000
  33         30         32         31         31         29         30         29         29         30         30         32        366
  32         30         32         31         31         29         30         29         29         30         30         32        365

ii, iyearCE, nd_progreg:      2 -6000  1956 366
ageBP, rmonlength:           -6000   32.516528   30.610988   32.467244   30.805800   30.998806   29.211402   29.591989   29.362270   28.614264   30.168752   30.015474   31.880085  366.000000
ii, iyearCE, nd_progreg:      3 -6000  1957 365
ageBP, rmonlength:           -6000   32.527951   29.556087   32.467400   30.804110   30.994561   29.206003   29.587619   29.362270   28.620859   30.182979   30.034123   31.898946  365.000000
   32.506318   29.536431   32.445808   30.783624   30.973948   29.186579   29.567941   29.342743   28.601825   30.162905   30.014148   31.877731  365.000000
  33         30         32         31         31         29         30         29         29         30         30         32        366
  32         30         32         31         31         29         30         29         29         30         30         32        365

ii, iyearCE, nd_progreg:      4 -6000  1958 365
ageBP, rmonlength:           -6000   32.527951   29.556087   32.467400   30.804110   30.994561   29.206003   29.587619   29.362270   28.620859   30.182979   30.034123   31.898946  365.000000
   32.506318   29.536431   32.445808   30.783624   30.973948   29.186579   29.567941   29.342743   28.601825   30.162905   30.014148   31.877731  365.000000
  33         30         32         31         31         29         30         29         29         30         30         32        366
  32         30         32         31         31         29         30         29         29         30         30         32        365

ii, iyearCE, nd_progreg:      5 -6000  1959 365
ageBP, rmonlength:           -6000   32.527951   29.556087   32.467400   30.804110   30.994561   29.206003   29.587619   29.362270   28.620859   30.182979   30.034123   31.898946  365.000000
   32.506318   29.536431   32.445808   30.783624   30.973948   29.186579   29.567941   29.342743   28.601825   30.162905   30.014148   31.877731  365.000000
  33         30         32         31         31         29         30         29         29         30         30         32        366
  32         30         32         31         31         29         30         29         29         30         30         32        365

