       0    1000  1.00000000  1.00000000  1.00000000  1.00000000  1.00000000  1.00000000  1.00000000  1.00000000  1.00000000  1.00000000  1.00000000  1.00000000
       0    1001  1.00000000  1.00000000  1.00000000  1.00000000  1.00000000  1.00000000  1.00000000  1.00000000  1.00000000  1.00000000  1.00000000  1.00000000
       0    1002  1.00000000  1.00000000  1.00000000  1.00000000  1.00000000  1.00000000  1.00000000  1.00000000  1.00000000  1.00000000  1.00000000  1.00000000
       0    1003  1.00000000  1.00000000  1.00000000  1.00000000  1.00000000  1.00000000  1.00000000  1.00000000  1.00000000  1.00000000  1.00000000  1.00000000
       0    1004  1.00000000  1.00000000  1.00000000  1.00000000  1.00000000  1.00000000  1.00000000  1.00000000  1.00000000  1.00000000  1.00000000  1.00000000
       0    1005  1.00000000  1.00000000  1.00000000  1.00000000  1.00000000  1.00000000  1.00000000  1.00000000  1.00000000  1.00000000  1.00000000  1.00000000
       0    1006  1.00000000  1.00000000  1.00000000  1.00000000  1.00000000  1.00000000  1.00000000  1.00000000  1.00000000  1.00000000  1.00000000  1.00000000
       0    1007  1.00000000  1.00000000  1.00000000  1.00000000  1.00000000  1.00000000  1.00000000  1.00000000  1.00000000  1.00000000  1.00000000  1.00000000
       0    1008  1.00000000  1.00000000  1.00000000  1.00000000  1.00000000  1.00000000  1.00000000  1.00000000  1.00000000  1.00000000  1.00000000  1.00000000
       0    1009  1.00000000  1.00000000  1.00000000  1.00000000  1.00000000  1.00000000  1.00000000  1.00000000  1.00000000  1.00000000  1.00000000  1.00000000
       0    1010  1.00000000  1.00000000  1.00000000  1.00000000  1.00000000  1.00000000  1.00000000  1.00000000  1.00000000  1.00000000  1.00000000  1.00000000
       0    1011  1.00000000  1.00000000  1.00000000  1.00000000  1.00000000  1.00000000  1.00000000  1.00000000  1.00000000  1.00000000  1.00000000  1.00000000
       0    1012  1.00000000  1.00000000  1.00000000  1.00000000  1.00000000  1.00000000  1.00000000  1.00000000  1.00000000  1.00000000  1.00000000  1.00000000
       0    1013  1.00000000  1.00000000  1.00000000  1.00000000  1.00000000  1.00000000  1.00000000  1.00000000  1.00000000  1.00000000  1.00000000  1.00000000
       0    1014  1.00000000  1.00000000  1.00000000  1.00000000  1.00000000  1.00000000  1.00000000  1.00000000  1.00000000  1.00000000  1.00000000  1.00000000
       0    1015  1.00000000  1.00000000  1.00000000  1.00000000  1.00000000  1.00000000  1.00000000  1.00000000  1.00000000  1.00000000  1.00000000  1.00000000
       0    1016  1.00000000  1.00000000  1.00000000  1.00000000  1.00000000  1.00000000  1.00000000  1.00000000  1.00000000  1.00000000  1.00000000  1.00000000
       0    1017  1.00000000  1.00000000  1.00000000  1.00000000  1.00000000  1.00000000  1.00000000  1.00000000  1.00000000  1.00000000  1.00000000  1.00000000
       0    1018  1.00000000  1.00000000  1.00000000  1.00000000  1.00000000  1.00000000  1.00000000  1.00000000  1.00000000  1.00000000  1.00000000  1.00000000
       0    1019  1.00000000  1.00000000  1.00000000  1.00000000  1.00000000  1.00000000  1.00000000  1.00000000  1.00000000  1.00000000  1.00000000  1.00000000
       0    1020  1.00000000  1.00000000  1.00000000  1.00000000  1.00000000  1.00000000  1.00000000  1.00000000  1.00000000  1.00000000  1.00000000  1.00000000
       0    1021  1.00000000  1.00000000  1.00000000  1.00000000  1.00000000  1.00000000  1.00000000  1.00000000  1.00000000  1.00000000  1.00000000  1.00000000
       0    1022  1.00000000  1.00000000  1.00000000  1.00000000  1.00000000  1.00000000  1.00000000  1.00000000  1.00000000  1.00000000  1.00000000  1.00000000
       0    1023  1.00000000  1.00000000  1.00000000  1.00000000  1.00000000  1.00000000  1.00000000  1.00000000  1.00000000  1.00000000  1.00000000  1.00000000
       0    1024  1.00000000  1.00000000  1.00000000  1.00000000  1.00000000  1.00000000  1.00000000  1.00000000  1.00000000  1.00000000  1.00000000  1.00000000
       0    1025  1.00000000  1.00000000  1.00000000  1.00000000  1.00000000  1.00000000  1.00000000  1.00000000  1.00000000  1.00000000  1.00000000  1.00000000
       0    1026  1.00000000  1.00000000  1.00000000  1.00000000  1.00000000  1.00000000  1.00000000  1.00000000  1.00000000  1.00000000  1.00000000  1.00000000
       0    1027  1.00000000  1.00000000  1.00000000  1.00000000  1.00000000  1.00000000  1.00000000  1.00000000  1.00000000  1.00000000  1.00000000  1.00000000
       0    1028  1.00000000  1.00000000  1.00000000  1.00000000  1.00000000  1.00000000  1.00000000  1.00000000  1.00000000  1.00000000  1.00000000  1.00000000
       0    1029  1.00000000  1.00000000  1.00000000  1.00000000  1.00000000  1.00000000  1.00000000  1.00000000  1.00000000  1.00000000  1.00000000  1.00000000
       0    1030  1.00000000  1.00000000  1.00000000  1.00000000  1.00000000  1.00000000  1.00000000  1.00000000  1.00000000  1.00000000  1.00000000  1.00000000
       0    1031  1.00000000  1.00000000  1.00000000  1.00000000  1.00000000  1.00000000  1.00000000  1.00000000  1.00000000  1.00000000  1.00000000  1.00000000
       0    1032  1.00000000  1.00000000  1.00000000  1.00000000  1.00000000  1.00000000  1.00000000  1.00000000  1.00000000  1.00000000  1.00000000  1.00000000
       0    1033  1.00000000  1.00000000  1.00000000  1.00000000  1.00000000  1.00000000  1.00000000  1.00000000  1.00000000  1.00000000  1.00000000  1.00000000
       0    1034  1.00000000  1.00000000  1.00000000  1.00000000  1.00000000  1.00000000  1.00000000  1.00000000  1.00000000  1.00000000  1.00000000  1.00000000
       0    1035  1.00000000  1.00000000  1.00000000  1.00000000  1.00000000  1.00000000  1.00000000  1.00000000  1.00000000  1.00000000  1.00000000  1.00000000
       0    1036  1.00000000  1.00000000  1.00000000  1.00000000  1.00000000  1.00000000  1.00000000  1.00000000  1.00000000  1.00000000  1.00000000  1.00000000
       0    1037  1.00000000  1.00000000  1.00000000  1.00000000  1.00000000  1.00000000  1.00000000  1.00000000  1.00000000  1.00000000  1.00000000  1.00000000
       0    1038  1.00000000  1.00000000  1.00000000  1.00000000  1.00000000  1.00000000  1.00000000  1.00000000  1.00000000  1.00000000  1.00000000  1.00000000
       0    1039  1.00000000  1.00000000  1.00000000  1.00000000  1.00000000  1.00000000  1.00000000  1.00000000  1.00000000  1.00000000  1.00000000  1.00000000
       0    1040  1.00000000  1.00000000  1.00000000  1.00000000  1.00000000  1.00000000  1.00000000  1.00000000  1.00000000  1.00000000  1.00000000  1.00000000
       0    1041  1.00000000  1.00000000  1.00000000  1.00000000  1.00000000  1.00000000  1.00000000  1.00000000  1.00000000  1.00000000  1.00000000  1.00000000
       0    1042  1.00000000  1.00000000  1.00000000  1.00000000  1.00000000  1.00000000  1.00000000  1.00000000  1.00000000  1.00000000  1.00000000  1.00000000
       0    1043  1.00000000  1.00000000  1.00000000  1.00000000  1.00000000  1.00000000  1.00000000  1.00000000  1.00000000  1.00000000  1.00000000  1.00000000
       0    1044  1.00000000  1.00000000  1.00000000  1.00000000  1.00000000  1.00000000  1.00000000  1.00000000  1.00000000  1.00000000  1.00000000  1.00000000
       0    1045  1.00000000  1.00000000  1.00000000  1.00000000  1.00000000  1.00000000  1.00000000  1.00000000  1.00000000  1.00000000  1.00000000  1.00000000
       0    1046  1.00000000  1.00000000  1.00000000  1.00000000  1.00000000  1.00000000  1.00000000  1.00000000  1.00000000  1.00000000  1.00000000  1.00000000
       0    1047  1.00000000  1.00000000  1.00000000  1.00000000  1.00000000  1.00000000  1.00000000  1.00000000  1.00000000  1.00000000  1.00000000  1.00000000
       0    1048  1.00000000  1.00000000  1.00000000  1.00000000  1.00000000  1.00000000  1.00000000  1.00000000  1.00000000  1.00000000  1.00000000  1.00000000
       0    1049  1.00000000  1.00000000  1.00000000  1.00000000  1.00000000  1.00000000  1.00000000  1.00000000  1.00000000  1.00000000  1.00000000  1.00000000
       0    1050  1.00000000  1.00000000  1.00000000  1.00000000  1.00000000  1.00000000  1.00000000  1.00000000  1.00000000  1.00000000  1.00000000  1.00000000
       0    1051  1.00000000  1.00000000  1.00000000  1.00000000  1.00000000  1.00000000  1.00000000  1.00000000  1.00000000  1.00000000  1.00000000  1.00000000
       0    1052  1.00000000  1.00000000  1.00000000  1.00000000  1.00000000  1.00000000  1.00000000  1.00000000  1.00000000  1.00000000  1.00000000  1.00000000
       0    1053  1.00000000  1.00000000  1.00000000  1.00000000  1.00000000  1.00000000  1.00000000  1.00000000  1.00000000  1.00000000  1.00000000  1.00000000
       0    1054  1.00000000  1.00000000  1.00000000  1.00000000  1.00000000  1.00000000  1.00000000  1.00000000  1.00000000  1.00000000  1.00000000  1.00000000
       0    1055  1.00000000  1.00000000  1.00000000  1.00000000  1.00000000  1.00000000  1.00000000  1.00000000  1.00000000  1.00000000  1.00000000  1.00000000
       0    1056  1.00000000  1.00000000  1.00000000  1.00000000  1.00000000  1.00000000  1.00000000  1.00000000  1.00000000  1.00000000  1.00000000  1.00000000
       0    1057  1.00000000  1.00000000  1.00000000  1.00000000  1.00000000  1.00000000  1.00000000  1.00000000  1.00000000  1.00000000  1.00000000  1.00000000
       0    1058  1.00000000  1.00000000  1.00000000  1.00000000  1.00000000  1.00000000  1.00000000  1.00000000  1.00000000  1.00000000  1.00000000  1.00000000
       0    1059  1.00000000  1.00000000  1.00000000  1.00000000  1.00000000  1.00000000  1.00000000  1.00000000  1.00000000  1.00000000  1.00000000  1.00000000
       0    1060  1.00000000  1.00000000  1.00000000  1.00000000  1.00000000  1.00000000  1.00000000  1.00000000  1.00000000  1.00000000  1.00000000  1.00000000
       0    1061  1.00000000  1.00000000  1.00000000  1.00000000  1.00000000  1.00000000  1.00000000  1.00000000  1.00000000  1.00000000  1.00000000  1.00000000
       0    1062  1.00000000  1.00000000  1.00000000  1.00000000  1.00000000  1.00000000  1.00000000  1.00000000  1.00000000  1.00000000  1.00000000  1.00000000
       0    1063  1.00000000  1.00000000  1.00000000  1.00000000  1.00000000  1.00000000  1.00000000  1.00000000  1.00000000  1.00000000  1.00000000  1.00000000
       0    1064  1.00000000  1.00000000  1.00000000  1.00000000  1.00000000  1.00000000  1.00000000  1.00000000  1.00000000  1.00000000  1.00000000  1.00000000
       0    1065  1.00000000  1.00000000  1.00000000  1.00000000  1.00000000  1.00000000  1.00000000  1.00000000  1.00000000  1.00000000  1.00000000  1.00000000
       0    1066  1.00000000  1.00000000  1.00000000  1.00000000  1.00000000  1.00000000  1.00000000  1.00000000  1.00000000  1.00000000  1.00000000  1.00000000
       0    1067  1.00000000  1.00000000  1.00000000  1.00000000  1.00000000  1.00000000  1.00000000  1.00000000  1.00000000  1.00000000  1.00000000  1.00000000
       0    1068  1.00000000  1.00000000  1.00000000  1.00000000  1.00000000  1.00000000  1.00000000  1.00000000  1.00000000  1.00000000  1.00000000  1.00000000
       0    1069  1.00000000  1.00000000  1.00000000  1.00000000  1.00000000  1.00000000  1.00000000  1.00000000  1.00000000  1.00000000  1.00000000  1.00000000
       0    1070  1.00000000  1.00000000  1.00000000  1.00000000  1.00000000  1.00000000  1.00000000  1.00000000  1.00000000  1.00000000  1.00000000  1.00000000
       0    1071  1.00000000  1.00000000  1.00000000  1.00000000  1.00000000  1.00000000  1.00000000  1.00000000  1.00000000  1.00000000  1.00000000  1.00000000
       0    1072  1.00000000  1.00000000  1.00000000  1.00000000  1.00000000  1.00000000  1.00000000  1.00000000  1.00000000  1.00000000  1.00000000  1.00000000
       0    1073  1.00000000  1.00000000  1.00000000  1.00000000  1.00000000  1.00000000  1.00000000  1.00000000  1.00000000  1.00000000  1.00000000  1.00000000
       0    1074  1.00000000  1.00000000  1.00000000  1.00000000  1.00000000  1.00000000  1.00000000  1.00000000  1.00000000  1.00000000  1.00000000  1.00000000
       0    1075  1.00000000  1.00000000  1.00000000  1.00000000  1.00000000  1.00000000  1.00000000  1.00000000  1.00000000  1.00000000  1.00000000  1.00000000
       0    1076  1.00000000  1.00000000  1.00000000  1.00000000  1.00000000  1.00000000  1.00000000  1.00000000  1.00000000  1.00000000  1.00000000  1.00000000
       0    1077  1.00000000  1.00000000  1.00000000  1.00000000  1.00000000  1.00000000  1.00000000  1.00000000  1.00000000  1.00000000  1.00000000  1.00000000
       0    1078  1.00000000  1.00000000  1.00000000  1.00000000  1.00000000  1.00000000  1.00000000  1.00000000  1.00000000  1.00000000  1.00000000  1.00000000
       0    1079  1.00000000  1.00000000  1.00000000  1.00000000  1.00000000  1.00000000  1.00000000  1.00000000  1.00000000  1.00000000  1.00000000  1.00000000
       0    1080  1.00000000  1.00000000  1.00000000  1.00000000  1.00000000  1.00000000  1.00000000  1.00000000  1.00000000  1.00000000  1.00000000  1.00000000
       0    1081  1.00000000  1.00000000  1.00000000  1.00000000  1.00000000  1.00000000  1.00000000  1.00000000  1.00000000  1.00000000  1.00000000  1.00000000
       0    1082  1.00000000  1.00000000  1.00000000  1.00000000  1.00000000  1.00000000  1.00000000  1.00000000  1.00000000  1.00000000  1.00000000  1.00000000
       0    1083  1.00000000  1.00000000  1.00000000  1.00000000  1.00000000  1.00000000  1.00000000  1.00000000  1.00000000  1.00000000  1.00000000  1.00000000
       0    1084  1.00000000  1.00000000  1.00000000  1.00000000  1.00000000  1.00000000  1.00000000  1.00000000  1.00000000  1.00000000  1.00000000  1.00000000
       0    1085  1.00000000  1.00000000  1.00000000  1.00000000  1.00000000  1.00000000  1.00000000  1.00000000  1.00000000  1.00000000  1.00000000  1.00000000
       0    1086  1.00000000  1.00000000  1.00000000  1.00000000  1.00000000  1.00000000  1.00000000  1.00000000  1.00000000  1.00000000  1.00000000  1.00000000
       0    1087  1.00000000  1.00000000  1.00000000  1.00000000  1.00000000  1.00000000  1.00000000  1.00000000  1.00000000  1.00000000  1.00000000  1.00000000
       0    1088  1.00000000  1.00000000  1.00000000  1.00000000  1.00000000  1.00000000  1.00000000  1.00000000  1.00000000  1.00000000  1.00000000  1.00000000
       0    1089  1.00000000  1.00000000  1.00000000  1.00000000  1.00000000  1.00000000  1.00000000  1.00000000  1.00000000  1.00000000  1.00000000  1.00000000
       0    1090  1.00000000  1.00000000  1.00000000  1.00000000  1.00000000  1.00000000  1.00000000  1.00000000  1.00000000  1.00000000  1.00000000  1.00000000
       0    1091  1.00000000  1.00000000  1.00000000  1.00000000  1.00000000  1.00000000  1.00000000  1.00000000  1.00000000  1.00000000  1.00000000  1.00000000
       0    1092  1.00000000  1.00000000  1.00000000  1.00000000  1.00000000  1.00000000  1.00000000  1.00000000  1.00000000  1.00000000  1.00000000  1.00000000
       0    1093  1.00000000  1.00000000  1.00000000  1.00000000  1.00000000  1.00000000  1.00000000  1.00000000  1.00000000  1.00000000  1.00000000  1.00000000
       0    1094  1.00000000  1.00000000  1.00000000  1.00000000  1.00000000  1.00000000  1.00000000  1.00000000  1.00000000  1.00000000  1.00000000  1.00000000
       0    1095  1.00000000  1.00000000  1.00000000  1.00000000  1.00000000  1.00000000  1.00000000  1.00000000  1.00000000  1.00000000  1.00000000  1.00000000
       0    1096  1.00000000  1.00000000  1.00000000  1.00000000  1.00000000  1.00000000  1.00000000  1.00000000  1.00000000  1.00000000  1.00000000  1.00000000
       0    1097  1.00000000  1.00000000  1.00000000  1.00000000  1.00000000  1.00000000  1.00000000  1.00000000  1.00000000  1.00000000  1.00000000  1.00000000
       0    1098  1.00000000  1.00000000  1.00000000  1.00000000  1.00000000  1.00000000  1.00000000  1.00000000  1.00000000  1.00000000  1.00000000  1.00000000
       0    1099  1.00000000  1.00000000  1.00000000  1.00000000  1.00000000  1.00000000  1.00000000  1.00000000  1.00000000  1.00000000  1.00000000  1.00000000
